846090.5, 827526.7, AW(BT) 1/F - 10/F
846090.7, 827529.8, AW(BT) 1/F - 10/F
846092.5, 827531.7, AW(BT) 1/F - 10/F
846093.9, 827533.3, AW(BT) 1/F - 10/F
846095.1, 827534.7, AW(BT) 1/F - 10/F
846097.2, 827537.1, AD(BT) 1/F - 10/F
846099.3, 827539.5, AW(BT) 1/F - 10/F
846100.8, 827541.3, AW(BT) 1/F - 10/F
846102, 827542.7, AW(BT) 1/F - 10/F
846104, 827544.9, AD(BT) 1/F - 10/F
846108.4, 827549.9, AD(BT) 1/F - 10/F
846110.3, 827552.1, AW(BT) 1/F - 10/F
846111.5, 827553.5, AW(BT) 1/F - 10/F
846113.1, 827555.2, AW(BT) 1/F - 10/F
846115.2, 827557.7, AD(BT) 1/F - 10/F
846117.3, 827560.1, AW(BT) 1/F - 10/F
846118.6, 827561.5, AW(BT) 1/F - 10/F
846120.5, 827563.8, AW(BT) 1/F - 10/F
846123.9, 827564.7,  
846135.1, 827555.1,  
846134.9, 827552,  
846133.2, 827550.1,  
846131.7, 827548.5,  
846130.5, 827547.1,  
846128.4, 827544.7,  
846126.3, 827542.2,  
846124.5, 827540.2,  
846123.2, 827538.8,  
846121.7, 827537,  
846120.4, 827535.6,  
846118.6, 827533.5,  
846118.2, 827532.7,  
846119.7, 827531.4,  
846121.8, 827529.6,  
846123.8, 827527.8,  
846125.9, 827526,  
846127.3, 827524.7,  
846129.1, 827523.2,  
846130.5, 827521.9,  
846132.6, 827520.1,  
846135, 827518,  
846137.4, 827515.9,  
846138.8, 827514.7,  
846140.4, 827513.2,  
846142.4, 827511.5,  
846143, 827508.5,  
846129, 827505.9,  
846126.1, 827506,  
846123.2, 827506.4,  
846121.5, 827507.8,  
846119.6, 827509.5,  
846114.2, 827512.9,  
846112.1, 827514.8,  
846110.7, 827516,  
846109, 827517.5,  
846107.1, 827519.1,  
846105.4, 827520.6,  
846104.1, 827521.8,  
846101.9, 827523.8,  
846201.4, 827459,  
846202.3, 827461.6,  
846202.9, 827463.4,  
846203.8, 827465.7,  
846204.4, 827467.7,  
846205.3, 827470.2,  
846206.3, 827473.1,  
846207.2, 827475.8,  
846207.8, 827477.6,  
846208.7, 827479.9,  
846228.3, 827481.1,  
846227.5, 827478.8,  
846226.8, 827476.7,  
846226.2, 827475,  
846225.2, 827472,  
846225, 827466.5,  
846224, 827463.7,  
846223.4, 827462,  
846222.6, 827459.7,  
846221.2, 827456.8,  
846220.2, 827453.8,  
846219.6, 827452.1,  
846218.9, 827450,  
846218.1, 827447.7,  
846160.4, 827465.3,  
846162.2, 827467.6,  
846162.8, 827469.5,  
846166.5, 827470.5,  
846168.7, 827471.5,  
846172, 827468.1,  
846174.6, 827467.3,  
846176.4, 827466.8,  
846178.7, 827466.2,  
846180.6, 827465.7,  
846183.2, 827464.9,  
846185.8, 827464.2,  
846188.5, 827463.5,  
846190.4, 827463,  
846192.4, 827460.7,  
846195, 827460,  
846196.9, 827459.4,  
846189.1, 827447.7,  
846186.4, 827446.5,  
846184.4, 827447.1,  
846181.8, 827447.8,  
846178.9, 827447.5,  
846176.2, 827448.2,  
846174.3, 827448.8,  
846172.1, 827449.4,  
846170.2, 827449.9,  
846167.6, 827450.6,  
846164.7, 827451.4,  
846161.9, 827452.2,  
846160.1, 827452.7,  
846157.6, 827453.4,  
846155.8, 827456,  
846294.7, 827430.5,  
846292.7, 827427.6,  
846290.5, 827426.3,  
846288, 827424.9,  
846284.7, 827425.1,  
846284.5, 827433.3,  
846292.4, 827448.1,  
846294.1, 827450.4,  
846295.2, 827451.9,  
846296.7, 827453.9,  
846300, 827455.2,  
846301.7, 827457.5,  
846302.8, 827459,  
846304.2, 827460.9,  
846322, 827449.6,  
846320.6, 827446.6,  
846318.1, 827445.2,  
846316.3, 827444.1,  
846313.3, 827442.4,  
846310.1, 827440.6,  
846308.7, 827437.5,  
846306.6, 827436.3,  
846304.7, 827435.2,  
846301.1, 827434.9,  
846297.5, 827432.8,  
846307.2, 827462,  
846308.6, 827464,  
846309.7, 827465.5,  
846311.4, 827467.8,  
846312.8, 827473,  
846314.5, 827475.4,  
846315.6, 827476.9,  
846317, 827478.9,  
846320.4, 827480.1,  
846322, 827482.4,  
846323.1, 827483.9,  
846324.5, 827485.8,  
846339.4, 827473.4,  
846337.7, 827471.2,  
846336.5, 827469.5,  
846334.4, 827466.6,  
846332.3, 827463.7,  
846330.6, 827461.4,  
846328.5, 827458.5,  
846326.4, 827455.6,  
846325.2, 827453.9,  
846323.5, 827451.6,  
846320.4, 827450.5,  
846326.1, 827488,  
846327.5, 827489.9,  
846328.6, 827491.4,  
846330.3, 827493.8,  
846331.6, 827499,  
846333.4, 827501.3,  
846334.5, 827502.9,  
846335.9, 827504.9,  
846338.2, 827506.9,  
846339.9, 827509.2,  
846341.5, 827510.5,  
846345.7, 827512.4,  
846351, 827513.6,  
846355.6, 827514.6,  
846358.1, 827512.5, AW(BT) 1/F - 4/F
846358.7, 827509.7, AW(BT) 1/F - 4/F
846359.6, 827505.5, AW(BT) 1/F - 4/F
846360.3, 827502.6, AW(BT) 1/F - 4/F
846358.9, 827499.5,  
846357, 827497.7,  
846355.3, 827495.4,  
846354.1, 827493.7,  
846352, 827490.8,  
846349.9, 827487.9,  
846348.2, 827485.5,  
846346.1, 827482.7,  
846344, 827479.8,  
846342.8, 827478.2,  
846341.2, 827475.9,  
846150.7, 827568.8,  
846150.6, 827571.2,  
846150.5, 827573.4,  
846150.5, 827575.3,  
846150.3, 827578.4,  
846152.2, 827584,  
846153.2, 827586,  
846154.3, 827588.2,  
846155.5, 827590.7,  
846156.7, 827593.1,  
846157.6, 827594.9,  
846158.7, 827597.1,  
846159.8, 827599.2,  
846160.6, 827600.9,  
846161.9, 827603.5,  
846163.3, 827606.4,  
846164.6, 827609,  
846165.5, 827610.7, AW(BT) 1/F - 2/F
846166.6, 827613, AW(BT) 1/F - 10/F
846169.4, 827614.4, AW(BT) 1/F - 5/F
846180.9, 827598.6,  
846179.8, 827596.4,  
846179, 827594.7,  
846177.7, 827592.2,  
846175.8, 827589.7,  
846174.6, 827587.3,  
846173.8, 827585.5,  
846172.7, 827583.4,  
846171.9, 827581.7,  
846170.6, 827579.2,  
846170.8, 827572.7,  
846168.4, 827570.8,  
846165.8, 827570.7,  
846164, 827570.6,  
846161.1, 827570.5,  
846171.4, 827615,  
846173.6, 827616.1, AW(BT) 1/F - 2/F
846175.5, 827617.1, AW(BT) 1/F - 2/F
846177.1, 827618, AW(BT) 1/F - 4/F
846180, 827619.4, AD(BT) 1/F - 2/F
846182.9, 827620.9, AD(BT) 1/F - 2/F
846185.3, 827622.2, AW(BT) 1/F - 2/F
846187, 827623.1, AD(BT) 1/F - 2/F
846189, 827624.1, AW(BT) 1/F
846190.7, 827625, AW(BT) 1/F - 3/F
846193.2, 827626.3, AD(BT) 1/F - 3/F
846196.1, 827627.8, AD(BT) 1/F - 4/F
846198.8, 827629.2, AW(BT) 1/F - 5/F
846200.5, 827630.1, AW(BT) 1/F - 5/F
846203.2, 827631.5, AW(BT) 1/F - 6/F
846206.6, 827631.2,  
846209.9, 827616.5,  
846208.5, 827613.6,  
846206.3, 827612.5,  
846204.6, 827611.6,  
846202, 827610.3,  
846200, 827607.8,  
846197.9, 827606.7,  
846196.2, 827605.9,  
846193.6, 827604.5,  
846188.6, 827603.3,  
846186, 827601.9,  
846184.4, 827601.1,  
846182.3, 827600,  
846215.3, 827636,  
846217.5, 827638.2, AW(BT) 1/F - 10/F
846220.1, 827638.6, AW(BT) 1/F - 10/F
846222.2, 827638.9, AW(BT) 1/F - 9/F
846224.1, 827639.1, AW(BT) 1/F - 9/F
846227.2, 827639.6, AD(BT) 1/F - 9/F
846230.4, 827640, AD(BT) 1/F - 8/F
846233.1, 827640.4, AW(BT) 1/F - 9/F
846235, 827640.7, AW(BT) 1/F - 9/F
846237.3, 827641, AW(BT) 1/F - 9/F
846239.2, 827641.3, AW(BT) 1/F - 9/F
846241.9, 827641.6, AD(BT) 1/F - 9/F
846245.2, 827642.1, AD(BT) 1/F - 10/F
846248.3, 827642.5, AW(BT) 1/F - 10/F
846250.2, 827642.8, AW(BT) 1/F - 10/F
846252.3, 827643.1, AW(BT) 1/F - 10/F
846254.8, 827643.4, AW(BT) 1/F - 10/F
846257.5, 827642.2, AW(BT) 1/F - 8/F
846252.1, 827624.6,  
846249.7, 827624.3,  
846247.8, 827624,  
846244.9, 827623.6,  
846242.2, 827622,  
846239.8, 827621.6,  
846238, 827621.4,  
846235.1, 827621,  
846229.8, 827621.2,  
846226.6, 827620.7,  
846224.8, 827620.5,  
846222.7, 827620.2,  
846220.1, 827619.8,  
846217.4, 827621.3,  
846256.7, 827641.3,  
846259.6, 827642.2, AW(BT) 1/F - 10/F
846262, 827641.3, AW(BT) 1/F - 8/F
846264.1, 827640.5, AW(BT) 1/F - 7/F
846265.8, 827639.8, AW(BT) 1/F - 7/F
846268.7, 827638.7, AD(BT) 1/F - 7/F
846271.8, 827637.5, AD(BT) 1/F - 7/F
846274.3, 827636.5, AW(BT) 1/F - 8/F
846276.1, 827635.8, AW(BT) 1/F - 9/F
846278.3, 827634.9, AW(BT) 1/F - 9/F
846280.1, 827634.3, AW(BT) 1/F - 10/F
846282.6, 827633.3, AD(BT) 1/F - 10/F
846285.7, 827632.1, AD(BT) 1/F - 10/F
846288.6, 827630.9, AW(BT) 1/F - 10/F
846290.4, 827630.3, AW(BT) 1/F - 10/F
846292.4, 827629.5, AW(BT) 1/F - 10/F
846294.8, 827628.6, AW(BT) 1/F - 10/F
846296.5, 827626.2,  
846284.3, 827613,  
846282.1, 827613.9,  
846280.3, 827614.5,  
846277.6, 827615.6,  
846274.4, 827615.5,  
846272.2, 827616.4,  
846270.4, 827617.1,  
846267.7, 827618.1,  
846263.2, 827620.9,  
846260.2, 827622,  
846258.5, 827622.7,  
846256.5, 827623.5,  
846254.2, 827624.3,  
846295.4, 827626.3,  
846298.8, 827625.7, AW(BT) 1/F - 7/F
846301, 827623.6, AW(BT) 1/F - 7/F
846302.3, 827622.3, AW(BT) 1/F - 7/F
846304.6, 827620.1, AD(BT) 1/F - 7/F
846307, 827617.8, AD(BT) 1/F - 7/F
846308.9, 827616, AW(BT) 1/F - 7/F
846310.3, 827614.6, AW(BT) 1/F - 7/F
846313.8, 827612, AW(BT) 1/F - 7/F
846314.6, 827610.3, AW(BT) 1/F - 7/F
846315.8, 827607.8, AD(BT) 1/F - 7/F
846317.3, 827604.9, AD(BT) 1/F - 7/F
846318.7, 827602.1, AW(BT) 1/F - 7/F
846319.5, 827600.4, AW(BT) 1/F - 7/F
846320.5, 827598.4, AW(BT) 1/F - 7/F
846319.2, 827595.6,  
846317.1, 827592.6,  
846311.9, 827591.2,  
846309.3, 827589.9,  
846307.5, 827589.1,  
846304.2, 827590.9,  
846298.9, 827598.5,  
846296.8, 827600.5,  
846295.5, 827601.8,  
846293.8, 827603.4,  
846292.5, 827606.4,  
846290.4, 827608.4,  
846289, 827609.7,  
846287.3, 827611.4,  
846232.3, 827528.4,  
846231.5, 827531.4,  
846232.5, 827533.8,  
846233.2, 827535.5,  
846234.3, 827538.2,  
846236.1, 827542.6,  
846237.6, 827546.2,  
846238.8, 827549.1,  
846239.5, 827550.9,  
846240.6, 827553.4,  
846241.6, 827555.8,  
846242.5, 827557.9,  
846243.2, 827559.6,  
846244.3, 827562.2,  
846245.4, 827564.9,  
846246.5, 827567.5,  
846247.2, 827569.2,  
846248.1, 827571.4,  
846250.8, 827572.9,  
846252, 827574.4,  
846253.8, 827575.9,  
846255.2, 827577,  
846257.5, 827578.8,  
846259.7, 827580.7,  
846261.9, 827582.5,  
846263.3, 827583.6,  
846265.1, 827585.1,  
846267.1, 827586.7,  
846268.9, 827588.2,  
846270.4, 827589.4,  
846272.6, 827591.2,  
846275.7, 827592.6,  
846278, 827594.5,  
846279.8, 827596,  
846283.1, 827596.2,  
846294, 827585.8,  
846293.3, 827582.7,  
846291.3, 827581.1,  
846289.9, 827579.9,  
846287.6, 827578.1,  
846285.6, 827575.4,  
846283.4, 827573.6,  
846281.9, 827572.4,  
846280.1, 827570.9,  
846278, 827569.2,  
846276.2, 827567.7,  
846274.7, 827566.5,  
846272.5, 827564.7,  
846269.9, 827562.6,  
846267.7, 827560.8,  
846266.3, 827559.6,  
846264.4, 827558.1,  
846263.1, 827556.3,  
846262.2, 827554.1,  
846261.4, 827552.4,  
846260.3, 827549.7,  
846259, 827546.7,  
846257.9, 827544,  
846257.2, 827542.3,  
846256.3, 827540.1,  
846255.2, 827537.6,  
846254.3, 827535.4,  
846253.6, 827533.7,  
846252.4, 827530.9,  
846250.8, 827521.9,  
846247.8, 827521.1,  
846245.4, 827522.1,  
846243.4, 827523,  
846241.7, 827523.7,  
846238.7, 827525,  
846182.4, 827572.7,  
846185.5, 827573.1,  
846187.8, 827571.9,  
846189.4, 827571,  
846192, 827569.5,  
846196.1, 827567.2,  
846198.7, 827565.8,  
846200.2, 827564.9,  
846202.1, 827563.8,  
846204.3, 827562.6,  
846206, 827561.7,  
846208.3, 827560.4,  
846210.9, 827558.9,  
846213.5, 827557.5,  
846215.1, 827556.6,  
846217.4, 827555.3,  
846218.6, 827552.5,  
846215.7, 827537.8,  
846212.6, 827537.3,  
846210.4, 827538.6,  
846208.8, 827539.5,  
846206.2, 827540.9,  
846202.1, 827543.3,  
846199.5, 827544.7,  
846197.9, 827545.5,  
846195.9, 827546.7,  
846193.8, 827547.9,  
846191.8, 827549,  
846190.2, 827549.9,  
846187.7, 827551.3,  
846183.5, 827553.6,  
846181, 827555,  
846179.3, 827555.9,  
846177.1, 827557.2,  
846175.9, 827560,  
846164.2, 827485.8,  
846160.5, 827485.9,  
846157.2, 827487.5,  
846156.2, 827489.2,  
846154.7, 827492,  
846155.3, 827500.2,  
846159.1, 827502.3,  
846160.8, 827503.2,  
846163.2, 827504.6,  
846165.6, 827505.9,  
846168, 827507.2,  
846169.7, 827508.1,  
846171.7, 827509.2,  
846173.4, 827510.2,  
846175.9, 827511.5,  
846179.3, 827513.6,  
846182.2, 827515.2,  
846183.8, 827516.1,  
846185.9, 827517.2,  
846190.9, 827515.8,  
846193.7, 827516,  
846195.6, 827516.2,  
846198, 827516.4,  
846199.9, 827516.5,  
846202.6, 827516.7,  
846205.3, 827517,  
846208.1, 827517.2,  
846210, 827517.4,  
846212.5, 827517.6,  
846215.2, 827517.8,  
846217.2, 827518,  
846221.4, 827516.3,  
846223.5, 827514.1,  
846223.7, 827512.1,  
846224, 827508.8,  
846223.2, 827505.8,  
846223.4, 827503,  
846213, 827500.1,  
846210.2, 827499.9,  
846208.3, 827499.7,  
846205.9, 827499.5,  
846204, 827499.4,  
846201.2, 827499.1,  
846198.6, 827498.9,  
846196.2, 827498.7,  
846194.4, 827498.5,  
846191.3, 827498.3,  
846186.3, 827497.3,  
846183.8, 827495.9,  
846182.2, 827495.1,  
846180.2, 827494,  
846178.1, 827492.8,  
846176.4, 827491.9,  
846174, 827490.6,  
846171.6, 827489.2,  
846169.2, 827487.9,  
846167.5, 827487,  